0
2
8
22
52
114
240
494
1004
2026
4072
8166
16356
32738
65504
131038
262108
524250
1048536
2097110
4194260
8388562
16777168
33554382
67108812
134217674
268435400
536870854
1073741764
2147483586
-64
-66
-68
-70
-72
-74
-76
-78
-80
-82
-84
-86
-88
-90
-92
-94
-96
-98
-100
-102
-104
-106
-108
-110
-112
-114
-116
-118
-120
-122
-124
-126
-128
-130
-132
-134
-136
-138
-140
-142
-144
-146
-148
-150
-152
-154
-156
-158
-160
-162
-164
-166
-168
-170
-172
-174
-176
-178
-180
-182
-184
-186
-188
-190
-192
-194
-196
-198
-200
-202
